1511.06382
1802.06901
1703.10593
1705.10843
1711.11586
1711.00066
1801.10121
1710.04087
1706.05565
1709.01362
1608.06993
1703.00955
1801.05119
1704.03296
1710.10571
1801.01884
1801.00632
1706.07230
1801.01078
1712.09913
1712.09532
1711.09502
1709.02755
1711.09873
1712.08207
1706.01399
1712.07835
1712.06682
1707.01009
1712.05690
1712.05382
1712.04046
1709.08624
1712.02051
1706.03762
1712.01892
1712.01821
1712.01818
1705.11001
1712.01127
1712.00170
1711.11479
1711.10485
1711.10462
1706.09601
1711.09534
1711.09151
1709.04109
1711.08389
1711.07758
1707.05589
1711.07068
1706.03850
1711.06288
1612.00563
1711.05717
1711.05557
1707.03938
1709.00103
1705.08153
1703.04887
1703.10476
1706.08474
1705.05524
1711.00043
1706.09152
1707.05612
1706.00292
1710.07177
1710.06303
1611.02796
1710.01329
1710.01789
1709.08894
1612.00377
1709.06308
1709.05074
1706.02609
1709.03376
1611.01724
1612.08083
1706.02515
1708.02043
1612.01033
1708.06977
1707.05501
1706.08502
1705.09283
1708.05271
1705.00930
1707.07998
1702.05658
1708.02813
1611.06949
1708.02182
1612.03242
1707.05721
1708.01009
1612.07086
1611.08669
1708.00107
1705.03122
1611.02344
1611.01587
1707.06961
1705.02364
1606.07770
1707.06320
1612.00576
1707.06130
1707.06029
1707.05776
1703.03400
1705.02966
1707.04968
1706.00550
1707.04550
1707.04481
1707.04108
1707.03389
1704.05737
1706.06714
1705.04350
1706.08224
1706.10031
1704.00784
1705.02269
1611.05321
1704.06933
1706.06275
1702.08139
1706.05137
1706.03059
1609.04747
1706.01740
1612.01887
1706.00286
1706.00130
1703.06676
1705.10929
1705.08386
1705.09142
1705.08759
1705.03865
1705.03633
1705.01359
1601.03896
1603.07188
1704.05548
1704.03944
1704.04198
1612.07360
1704.03899
1611.05594
1704.03493
1704.02798
1611.06607
1612.07217
1704.01518
1605.09782
1704.00138
1611.08002
1703.09137
1703.07022
1703.03906
1703.05908
1612.00370
1703.03130
1703.02573
1703.01619
1611.09913
1607.07086
1703.00993
1703.00381
1702.07983
1702.05659
1511.03745
1611.01604
1610.03759
1701.06548
1701.03439
1609.00150
1506.03134
1512.02325
1612.08242
1612.07833
1611.05104
1603.02814
1612.04949
1612.03663
1612.03557
1612.03365
1604.01729
1606.04621
1605.09553
1611.01576
1606.06630
1606.02960
1611.01646
1605.07912
